shape_id,shape_pt_sequence,shape_pt_lat,shape_pt_lon
101,0,48.535123,-123.014520
101,1,48.538025,-123.011223
101,2,48.539902,-123.010002
101,3,48.541576,-123.007706
101,4,48.543182,-123.001007
101,5,48.544540,-122.993851
101,6,48.544300,-122.982391
101,7,48.543388,-122.971046
101,8,48.541870,-122.960785
101,9,48.541161,-122.954544
101,10,48.541782,-122.948341
101,11,48.542522,-122.943405
101,12,48.544228,-122.939285
101,13,48.554741,-122.919075
101,14,48.560562,-122.908470
101,15,48.572090,-122.897957
101,16,48.574875,-122.893837
101,17,48.576775,-122.889290
101,18,48.572231,-122.854271
101,19,48.556782,-122.841911
101,20,48.534962,-122.828865
101,21,48.527687,-122.807579
101,22,48.529049,-122.775993
101,23,48.521320,-122.688103
101,24,48.513142,-122.678329
101,25,48.510838,-122.677193
101,26,48.508350,-122.676872
101,27,48.506730,-122.678140
1013,0,48.535123,-123.014520
1013,1,48.537979,-123.011139
1013,2,48.539890,-123.010033
1013,3,48.541481,-123.007751
1013,4,48.544430,-122.993813
1013,5,48.544460,-122.986473
1013,6,48.543205,-122.968941
1013,7,48.541222,-122.955399
1013,8,48.541222,-122.950760
1013,9,48.541729,-122.947067
1013,10,48.543381,-122.941017
1013,11,48.560989,-122.907761
1013,12,48.572300,-122.897980
1013,13,48.575562,-122.892830
1013,14,48.576950,-122.888321
1013,15,48.576931,-122.885323
1013,16,48.576569,-122.883728
1013,17,48.575401,-122.882233
1013,18,48.574059,-122.881569
1013,19,48.572971,-122.881668
1013,20,48.570710,-122.883440
1015,0,48.535123,-123.014520
1015,1,48.542145,-123.011986
1015,2,48.544930,-123.004776
1015,3,48.546635,-123.002800
1015,4,48.548908,-123.001854
1015,5,48.555271,-123.001511
1015,6,48.558453,-123.001854
1015,7,48.576176,-123.026405
1015,8,48.582989,-123.030609
1015,9,48.588039,-123.030785
1015,10,48.590313,-123.028122
1015,11,48.592922,-123.020828
1015,12,48.593662,-123.016365
1015,13,48.593433,-123.013443
1015,14,48.592072,-123.008896
1015,15,48.589912,-123.006836
1015,16,48.590424,-122.995079
1015,17,48.593433,-122.987526
1015,18,48.594059,-122.985031
1015,19,48.594627,-122.974731
1015,20,48.596573,-122.968063
1015,21,48.596802,-122.962608
1015,22,48.594219,-122.951149
1015,23,48.594418,-122.947632
1015,24,48.595268,-122.944801
1015,25,48.596375,-122.943558
1015,26,48.597660,-122.943880
1018,0,48.535123,-123.014520
1018,1,48.540714,-123.012604
1018,2,48.542107,-123.011749
1018,3,48.543076,-123.009476
1018,4,48.544865,-123.004623
1018,5,48.546738,-123.002563
1018,6,48.550148,-123.001579
1018,7,48.556824,-123.001190
1018,8,48.558498,-123.001747
1018,9,48.559692,-123.003082
1018,10,48.575794,-123.025955
1018,11,48.578011,-123.028053
1018,12,48.583202,-123.030586
1018,13,48.588058,-123.030548
1018,14,48.590275,-123.028015
1018,15,48.592770,-123.021149
1018,16,48.593651,-123.016342
1018,17,48.593510,-123.013680
1018,18,48.592033,-123.008873
1018,19,48.589706,-123.006943
1018,20,48.590443,-122.994843
1018,21,48.593338,-122.987373
1018,22,48.593906,-122.984200
1018,23,48.594616,-122.974670
1018,24,48.596573,-122.967972
1018,25,48.596771,-122.962654
1018,26,48.594444,-122.951881
1018,27,48.592628,-122.938194
1018,28,48.585339,-122.929993
1018,29,48.584564,-122.929688
1019,0,48.535123,-123.014520
1019,1,48.542091,-123.011902
1019,2,48.544952,-123.005936
1019,3,48.546883,-123.002670
1019,4,48.559383,-123.001816
1019,5,48.624905,-123.089104
1019,6,48.627392,-123.096054
1019,7,48.629547,-123.123352
1019,8,48.627502,-123.133652
1019,9,48.631588,-123.170555
1019,10,48.629318,-123.245918
1019,11,48.654953,-123.329514
1019,12,48.656654,-123.339302
1019,13,48.656544,-123.346855
1019,14,48.643047,-123.384277
1019,15,48.643089,-123.396635
1019,16,48.644185,-123.397590
110,0,48.506730,-122.678140
110,1,48.508350,-122.676872
110,2,48.510838,-122.677193
110,3,48.513142,-122.678329
110,4,48.521320,-122.688103
110,5,48.529049,-122.775993
110,6,48.527687,-122.807579
110,7,48.534962,-122.828865
110,8,48.556782,-122.841911
110,9,48.572231,-122.854271
110,10,48.576775,-122.889290
110,11,48.574875,-122.893837
110,12,48.572090,-122.897957
110,13,48.560562,-122.908470
110,14,48.554741,-122.919075
110,15,48.544228,-122.939285
110,16,48.542522,-122.943405
110,17,48.541782,-122.948341
110,18,48.541161,-122.954544
110,19,48.541870,-122.960785
110,20,48.543388,-122.971046
110,21,48.544300,-122.982391
110,22,48.544540,-122.993851
110,23,48.543182,-123.001007
110,24,48.541576,-123.007706
110,25,48.539902,-123.010002
110,26,48.538025,-123.011223
110,27,48.535123,-123.014520
1117,0,48.159204,-122.672815
1117,1,48.155800,-122.672607
1117,2,48.154598,-122.673897
1117,3,48.152252,-122.680077
1117,4,48.123955,-122.737495
1117,5,48.121838,-122.739731
1117,6,48.119602,-122.740677
1117,7,48.114731,-122.744537
1117,8,48.111980,-122.748398
1117,9,48.109859,-122.754150
1117,10,48.110203,-122.757156
1117,11,48.112628,-122.760506
113,0,48.506730,-122.678140
113,1,48.509857,-122.676903
113,2,48.512077,-122.677757
113,3,48.516567,-122.681450
113,4,48.519184,-122.685913
113,5,48.520889,-122.690804
113,6,48.521572,-122.695610
113,7,48.521969,-122.707886
113,8,48.524925,-122.735527
113,9,48.528221,-122.764366
113,10,48.529301,-122.775177
113,11,48.529415,-122.784531
113,12,48.528450,-122.797409
113,13,48.527538,-122.806847
113,14,48.528679,-122.814400
113,15,48.531746,-122.823158
113,16,48.535099,-122.828651
113,17,48.538395,-122.832169
113,18,48.541691,-122.834145
113,19,48.546974,-122.835777
113,20,48.554760,-122.840584
113,21,48.564190,-122.848991
113,22,48.570663,-122.855942
113,23,48.574017,-122.863152
113,24,48.575096,-122.872421
113,25,48.573845,-122.878258
113,26,48.570710,-122.883440
115,0,48.506730,-122.678140
115,1,48.508408,-122.676826
115,2,48.510612,-122.677086
115,3,48.518589,-122.683296
115,4,48.522682,-122.707329
115,5,48.529049,-122.778053
115,6,48.527519,-122.807152
115,7,48.529282,-122.816849
115,8,48.534225,-122.827492
115,9,48.541328,-122.834190
115,10,48.555252,-122.840965
115,11,48.571323,-122.857018
115,12,48.588131,-122.909889
115,13,48.589027,-122.933151
115,14,48.597660,-122.943880
118,0,48.506730,-122.678140
118,1,48.508682,-122.676880
118,2,48.511299,-122.677437
118,3,48.515564,-122.680229
118,4,48.517811,-122.683487
118,5,48.520130,-122.688530
118,6,48.521324,-122.695053
118,7,48.523136,-122.719688
118,8,48.527687,-122.756081
118,9,48.529049,-122.781487
118,10,48.527405,-122.807152
118,11,48.534058,-122.827408
118,12,48.544113,-122.835220
118,13,48.555874,-122.841225
118,14,48.572231,-122.857018
118,15,48.583588,-122.891350
118,16,48.586849,-122.902809
118,17,48.589119,-122.915085
118,18,48.589413,-122.919456
118,19,48.588947,-122.923576
118,20,48.588020,-122.926414
118,21,48.586620,-122.928642
118,22,48.584317,-122.929690
119,0,48.506730,-122.678140
119,1,48.511906,-122.677505
119,2,48.516113,-122.680679
119,3,48.519012,-122.685654
119,4,48.520832,-122.694328
119,5,48.529049,-122.779427
119,6,48.527229,-122.807579
119,7,48.534054,-122.828178
119,8,48.573139,-122.854958
119,9,48.576763,-122.889549
119,10,48.574604,-122.895386
119,11,48.561314,-122.908089
119,12,48.543472,-122.941216
119,13,48.541088,-122.949631
119,14,48.541767,-122.961990
119,15,48.544613,-122.990997
119,16,48.560062,-123.003014
119,17,48.576534,-123.027390
119,18,48.623985,-123.087471
119,19,48.627277,-123.095886
119,20,48.628525,-123.106873
119,21,48.629318,-123.123009
119,22,48.627392,-123.133820
119,23,48.631134,-123.169868
119,24,48.631363,-123.179138
119,25,48.628979,-123.245575
119,26,48.654953,-123.329514
119,27,48.656769,-123.340157
119,28,48.656544,-123.347542
119,29,48.653820,-123.355606
119,30,48.642933,-123.384445
119,31,48.643089,-123.396635
119,32,48.643790,-123.397644
128,0,47.796054,-122.496287
128,1,47.793633,-122.493050
128,2,47.792595,-122.489532
128,3,47.792480,-122.483269
128,4,47.793056,-122.476746
128,5,47.794903,-122.468422
128,6,47.814503,-122.396835
128,7,47.815136,-122.392632
128,8,47.814789,-122.389626
128,9,47.812403,-122.382076
131,0,48.570710,-122.883440
131,1,48.573845,-122.878258
131,2,48.575096,-122.872421
131,3,48.574017,-122.863152
131,4,48.570663,-122.855942
131,5,48.564190,-122.848991
131,6,48.554760,-122.840584
131,7,48.546974,-122.835777
131,8,48.541691,-122.834145
131,9,48.538395,-122.832169
131,10,48.535099,-122.828651
131,11,48.531746,-122.823158
131,12,48.528679,-122.814400
131,13,48.527538,-122.806847
131,14,48.528450,-122.797409
131,15,48.529415,-122.784531
131,16,48.529301,-122.775177
131,17,48.528221,-122.764366
131,18,48.524925,-122.735527
131,19,48.521969,-122.707886
131,20,48.521572,-122.695610
131,21,48.520889,-122.690804
131,22,48.519184,-122.685913
131,23,48.516567,-122.681450
131,24,48.512077,-122.677757
131,25,48.509857,-122.676903
131,26,48.506730,-122.678140
1310,0,48.570710,-122.883440
1310,1,48.572971,-122.881668
1310,2,48.574059,-122.881569
1310,3,48.575401,-122.882233
1310,4,48.576569,-122.883728
1310,5,48.576931,-122.885323
1310,6,48.576950,-122.888321
1310,7,48.575562,-122.892830
1310,8,48.572300,-122.897980
1310,9,48.560989,-122.907761
1310,10,48.543381,-122.941017
1310,11,48.541729,-122.947067
1310,12,48.541222,-122.950760
1310,13,48.541222,-122.955399
1310,14,48.543205,-122.968941
1310,15,48.544460,-122.986473
1310,16,48.544430,-122.993813
1310,17,48.541481,-123.007751
1310,18,48.539890,-123.010033
1310,19,48.537979,-123.011139
1310,20,48.535123,-123.014520
1315,0,48.570710,-122.883440
1315,1,48.575039,-122.880661
1315,2,48.579296,-122.884186
1315,3,48.583099,-122.891304
1315,4,48.586281,-122.901009
1315,5,48.588436,-122.911652
1315,6,48.589291,-122.918861
1315,7,48.589348,-122.933708
1315,8,48.597660,-122.943880
1318,0,48.570710,-122.883440
1318,1,48.573353,-122.881203
1318,2,48.575256,-122.880768
1318,3,48.578236,-122.883171
1318,4,48.581104,-122.887291
1318,5,48.584850,-122.895920
1318,6,48.587208,-122.904762
1318,7,48.589195,-122.916862
1318,8,48.588654,-122.924759
1318,9,48.587349,-122.927635
1318,10,48.584568,-122.929695
145,0,47.948785,-122.304027
145,1,47.951443,-122.306374
145,2,47.954834,-122.309204
145,3,47.957478,-122.312721
145,4,47.959316,-122.315987
145,5,47.968800,-122.339073
145,6,47.973110,-122.346970
145,7,47.975108,-122.349821
151,0,48.597660,-122.943880
151,1,48.589027,-122.933151
151,2,48.588131,-122.909889
151,3,48.571323,-122.857018
151,4,48.555252,-122.840965
151,5,48.541328,-122.834190
151,6,48.534225,-122.827492
151,7,48.529282,-122.816849
151,8,48.527519,-122.807152
151,9,48.529049,-122.778053
151,10,48.522682,-122.707329
151,11,48.518589,-122.683296
151,12,48.510612,-122.677086
151,13,48.508408,-122.676826
151,14,48.506730,-122.678140
1510,0,48.597660,-122.943880
1510,1,48.596375,-122.943558
1510,2,48.595268,-122.944801
1510,3,48.594418,-122.947632
1510,4,48.594219,-122.951149
1510,5,48.596802,-122.962608
1510,6,48.596573,-122.968063
1510,7,48.594627,-122.974731
1510,8,48.594059,-122.985031
1510,9,48.593433,-122.987526
1510,10,48.590424,-122.995079
1510,11,48.589912,-123.006836
1510,12,48.592072,-123.008896
1510,13,48.593433,-123.013443
1510,14,48.593662,-123.016365
1510,15,48.592922,-123.020828
1510,16,48.590313,-123.028122
1510,17,48.588039,-123.030785
1510,18,48.582989,-123.030609
1510,19,48.576176,-123.026405
1510,20,48.558453,-123.001854
1510,21,48.555271,-123.001511
1510,22,48.548908,-123.001854
1510,23,48.546635,-123.002800
1510,24,48.544930,-123.004776
1510,25,48.542145,-123.011986
1510,26,48.535123,-123.014520
1513,0,48.597660,-122.943880
1513,1,48.589348,-122.933708
1513,2,48.589291,-122.918861
1513,3,48.588436,-122.911652
1513,4,48.586281,-122.901009
1513,5,48.583099,-122.891304
1513,6,48.579296,-122.884186
1513,7,48.575039,-122.880661
1513,8,48.570710,-122.883440
1518,0,48.597660,-122.943880
1518,1,48.586826,-122.931534
1518,2,48.585510,-122.930077
1518,3,48.584568,-122.929695
1621,0,47.305523,-122.514273
1621,1,47.332058,-122.507881
1621,2,47.332969,-122.506806
1711,0,48.112628,-122.760506
1711,1,48.110203,-122.757156
1711,2,48.109859,-122.754150
1711,3,48.111980,-122.748398
1711,4,48.114731,-122.744537
1711,5,48.119602,-122.740677
1711,6,48.121838,-122.739731
1711,7,48.123955,-122.737495
1711,8,48.152252,-122.680077
1711,9,48.154598,-122.673897
1711,10,48.155800,-122.672607
1711,11,48.159204,-122.672815
181,0,48.584317,-122.929690
181,1,48.586620,-122.928642
181,2,48.588020,-122.926414
181,3,48.588947,-122.923576
181,4,48.589413,-122.919456
181,5,48.589119,-122.915085
181,6,48.586849,-122.902809
181,7,48.583588,-122.891350
181,8,48.572231,-122.857018
181,9,48.555874,-122.841225
181,10,48.544113,-122.835220
181,11,48.534058,-122.827408
181,12,48.527405,-122.807152
181,13,48.529049,-122.781487
181,14,48.527687,-122.756081
181,15,48.523136,-122.719688
181,16,48.521324,-122.695053
181,17,48.520130,-122.688530
181,18,48.517811,-122.683487
181,19,48.515564,-122.680229
181,20,48.511299,-122.677437
181,21,48.508682,-122.676880
181,22,48.506730,-122.678140
1810,0,48.584564,-122.929688
1810,1,48.585339,-122.929993
1810,2,48.592628,-122.938194
1810,3,48.594444,-122.951881
1810,4,48.596771,-122.962654
1810,5,48.596573,-122.967972
1810,6,48.594616,-122.974670
1810,7,48.593906,-122.984200
1810,8,48.593338,-122.987373
1810,9,48.590443,-122.994843
1810,10,48.589706,-123.006943
1810,11,48.592033,-123.008873
1810,12,48.593510,-123.013680
1810,13,48.593651,-123.016342
1810,14,48.592770,-123.021149
1810,15,48.590275,-123.028015
1810,16,48.588058,-123.030548
1810,17,48.583202,-123.030586
1810,18,48.578011,-123.028053
1810,19,48.575794,-123.025955
1810,20,48.559692,-123.003082
1810,21,48.558498,-123.001747
1810,22,48.556824,-123.001190
1810,23,48.550148,-123.001579
1810,24,48.546738,-123.002563
1810,25,48.544865,-123.004623
1810,26,48.543076,-123.009476
1810,27,48.542107,-123.011749
1810,28,48.540714,-123.012604
1810,29,48.535123,-123.014520
1813,0,48.584568,-122.929695
1813,1,48.587349,-122.927635
1813,2,48.588654,-122.924759
1813,3,48.589195,-122.916862
1813,4,48.587208,-122.904762
1813,5,48.584850,-122.895920
1813,6,48.581104,-122.887291
1813,7,48.578236,-122.883171
1813,8,48.575256,-122.880768
1813,9,48.573353,-122.881203
1813,10,48.570710,-122.883440
1815,0,48.584568,-122.929695
1815,1,48.585510,-122.930077
1815,2,48.586826,-122.931534
1815,3,48.597660,-122.943880
191,0,48.643790,-123.397644
191,1,48.643089,-123.396635
191,2,48.642933,-123.384445
191,3,48.653820,-123.355606
191,4,48.656544,-123.347542
191,5,48.656769,-123.340157
191,6,48.654953,-123.329514
191,7,48.628979,-123.245575
191,8,48.631363,-123.179138
191,9,48.631134,-123.169868
191,10,48.627392,-123.133820
191,11,48.629318,-123.123009
191,12,48.628525,-123.106873
191,13,48.627277,-123.095886
191,14,48.623985,-123.087471
191,15,48.576534,-123.027390
191,16,48.560062,-123.003014
191,17,48.544613,-122.990997
191,18,48.541767,-122.961990
191,19,48.541088,-122.949631
191,20,48.543472,-122.941216
191,21,48.561314,-122.908089
191,22,48.574604,-122.895386
191,23,48.576763,-122.889549
191,24,48.573139,-122.854958
191,25,48.534054,-122.828178
191,26,48.527229,-122.807579
191,27,48.529049,-122.779427
191,28,48.520832,-122.694328
191,29,48.519012,-122.685654
191,30,48.516113,-122.680679
191,31,48.511906,-122.677505
191,32,48.506730,-122.678140
1910,0,48.644185,-123.397590
1910,1,48.643089,-123.396635
1910,2,48.643047,-123.384277
1910,3,48.656544,-123.346855
1910,4,48.656654,-123.339302
1910,5,48.654953,-123.329514
1910,6,48.629318,-123.245918
1910,7,48.631588,-123.170555
1910,8,48.627502,-123.133652
1910,9,48.629547,-123.123352
1910,10,48.627392,-123.096054
1910,11,48.624905,-123.089104
1910,12,48.559383,-123.001816
1910,13,48.546883,-123.002670
1910,14,48.544952,-123.005936
1910,15,48.542091,-123.011902
1910,16,48.535123,-123.014520
2022,0,47.511950,-122.497364
2022,1,47.512714,-122.495850
2022,2,47.513264,-122.494308
2022,3,47.513859,-122.491478
2022,4,47.514263,-122.484848
2022,5,47.514496,-122.479607
2022,6,47.514538,-122.476044
2022,7,47.514366,-122.472763
2022,8,47.513729,-122.468643
2022,9,47.512684,-122.464264
2022,10,47.512451,-122.463623
2022,11,47.512104,-122.463577
2022,12,47.510174,-122.463921
209,0,47.511950,-122.497363
209,1,47.513065,-122.495903
209,2,47.513790,-122.494064
209,3,47.514282,-122.490585
209,4,47.518288,-122.449921
209,5,47.523026,-122.400742
209,6,47.523300,-122.397369
209,7,47.523214,-122.395526
2116,0,47.332969,-122.506806
2116,1,47.332058,-122.507881
2116,2,47.305523,-122.514273
2220,0,47.510174,-122.463921
2220,1,47.512104,-122.463577
2220,2,47.512451,-122.463623
2220,3,47.512684,-122.464264
2220,4,47.513729,-122.468643
2220,5,47.514366,-122.472763
2220,6,47.514538,-122.476044
2220,7,47.514496,-122.479607
2220,8,47.514263,-122.484848
2220,9,47.513859,-122.491478
2220,10,47.513264,-122.494308
2220,11,47.512714,-122.495850
2220,12,47.511950,-122.497363
229,0,47.510174,-122.463921
229,1,47.511154,-122.463165
229,2,47.511616,-122.462479
229,3,47.523125,-122.396942
229,4,47.523214,-122.395526
37,0,47.623105,-122.511205
37,1,47.622139,-122.509224
37,2,47.621937,-122.508339
37,3,47.621735,-122.506882
37,4,47.621964,-122.504845
37,5,47.622383,-122.503098
37,6,47.622211,-122.500519
37,7,47.620590,-122.497002
37,8,47.619434,-122.492798
37,9,47.602990,-122.337955
47,0,47.563502,-122.626835
47,1,47.559635,-122.620338
47,2,47.558769,-122.615959
47,3,47.560448,-122.609528
47,4,47.583668,-122.579056
47,5,47.586040,-122.574593
47,6,47.588531,-122.566437
47,7,47.593510,-122.556564
47,8,47.594551,-122.551933
47,9,47.594437,-122.549530
47,10,47.593044,-122.546608
47,11,47.588879,-122.543610
47,12,47.582626,-122.541031
47,13,47.574173,-122.537514
47,14,47.569134,-122.531075
47,15,47.563747,-122.514511
47,16,47.561199,-122.500435
47,17,47.561028,-122.495369
47,18,47.562359,-122.489189
47,19,47.567455,-122.473656
47,20,47.571045,-122.464645
47,21,47.574867,-122.457779
47,22,47.600510,-122.416092
47,23,47.604389,-122.408348
47,24,47.605358,-122.406784
47,25,47.606731,-122.402122
47,26,47.607746,-122.395172
47,27,47.607731,-122.389122
47,28,47.602409,-122.339745
47,29,47.602990,-122.337955
514,0,47.975108,-122.349821
514,1,47.973110,-122.346970
514,2,47.968800,-122.339073
514,3,47.959316,-122.315987
514,4,47.957478,-122.312721
514,5,47.954834,-122.309204
514,6,47.951443,-122.306374
514,7,47.948785,-122.304027
73,0,47.602990,-122.337955
73,1,47.619434,-122.492798
73,2,47.620590,-122.497002
73,3,47.622211,-122.500519
73,4,47.622383,-122.503098
73,5,47.621964,-122.504845
73,6,47.621735,-122.506882
73,7,47.621937,-122.508339
73,8,47.622139,-122.509224
73,9,47.623105,-122.511205
74,0,47.602990,-122.337955
74,1,47.602409,-122.339745
74,2,47.607731,-122.389122
74,3,47.607746,-122.395172
74,4,47.606731,-122.402122
74,5,47.605358,-122.406784
74,6,47.604389,-122.408348
74,7,47.600510,-122.416092
74,8,47.574867,-122.457779
74,9,47.571045,-122.464645
74,10,47.567455,-122.473656
74,11,47.562359,-122.489189
74,12,47.561028,-122.495369
74,13,47.561199,-122.500435
74,14,47.563747,-122.514511
74,15,47.569134,-122.531075
74,16,47.574173,-122.537514
74,17,47.582626,-122.541031
74,18,47.588879,-122.543610
74,19,47.593044,-122.546608
74,20,47.594437,-122.549530
74,21,47.594551,-122.551933
74,22,47.593510,-122.556564
74,23,47.588531,-122.566437
74,24,47.586040,-122.574593
74,25,47.583668,-122.579056
74,26,47.560448,-122.609528
74,27,47.558769,-122.615959
74,28,47.559635,-122.620338
74,29,47.563502,-122.626835
812,0,47.812403,-122.382076
812,1,47.814789,-122.389626
812,2,47.815136,-122.392632
812,3,47.814503,-122.396835
812,4,47.794903,-122.468422
812,5,47.793056,-122.476746
812,6,47.792480,-122.483269
812,7,47.792595,-122.489532
812,8,47.793633,-122.493050
812,9,47.796054,-122.496287
920,0,47.523214,-122.395526
920,1,47.523300,-122.397369
920,2,47.523026,-122.400742
920,3,47.518288,-122.449921
920,4,47.514282,-122.490585
920,5,47.513790,-122.494064
920,6,47.513065,-122.495903
920,7,47.511950,-122.497363
922,0,47.523214,-122.395526
922,1,47.523125,-122.396942
922,2,47.511616,-122.462479
922,3,47.511154,-122.463165
922,4,47.510174,-122.463921
