service_id,date,exception_type
144329,20260101,2
144329,20251225,2
144329,20251127,2
144329,20251211,1
144329,20260312,1
144329,20260205,1
144329,20260108,1
144329,20260305,1
144329,20260129,1
144329,20260226,1
144329,20260326,1
144329,20260319,1
144329,20250925,1
144329,20251113,1
144329,20250918,1
144329,20251016,1
144329,20251106,1
144329,20251204,1
144329,20250911,1
144329,20251009,1
144329,20260219,1
144329,20260122,1
144329,20251030,1
144329,20251002,1
144329,20251218,1
144329,20251120,1
144329,20260212,1
144329,20260115,1
144329,20251023,1
141113,20260101,2
141113,20251225,2
141113,20251127,2
141113,20251211,1
141113,20260312,1
141113,20260205,1
141113,20260108,1
141113,20260305,1
141113,20260129,1
141113,20260226,1
141113,20260326,1
141113,20260319,1
141113,20250925,1
141113,20251113,1
141113,20250918,1
141113,20251016,1
141113,20251106,1
141113,20251204,1
141113,20251009,1
141113,20260219,1
141113,20260122,1
141113,20251030,1
141113,20251002,1
141113,20251218,1
141113,20251120,1
141113,20260212,1
141113,20260115,1
141113,20251023,1
140905,20260216,2
140905,20260119,2
140905,20250922,1
140905,20251110,1
140905,20251208,1
140905,20250915,1
140905,20251013,1
140905,20251103,1
140905,20251229,1
140905,20251201,1
140905,20260126,1
140905,20250908,1
140905,20251006,1
140905,20251222,1
140905,20251124,1
140905,20251027,1
140905,20250929,1
140905,20251117,1
140905,20251215,1
140905,20260316,1
140905,20260209,1
140905,20260112,1
140905,20251020,1
140905,20260309,1
140905,20260202,1
140905,20260105,1
140905,20260302,1
140905,20260223,1
140905,20260323,1
140905,20260101,2
140905,20251225,2
140905,20251127,2
140905,20251211,1
140905,20260312,1
140905,20260205,1
140905,20260108,1
140905,20260305,1
140905,20260129,1
140905,20260226,1
140905,20260326,1
140905,20260319,1
140905,20250925,1
140905,20251113,1
140905,20250918,1
140905,20251016,1
140905,20251106,1
140905,20251204,1
140905,20250911,1
140905,20251009,1
140905,20260219,1
140905,20260122,1
140905,20251030,1
140905,20251002,1
140905,20251218,1
140905,20251120,1
140905,20260212,1
140905,20260115,1
140905,20251023,1
140292,20260101,2
140292,20251225,2
140292,20251127,2
140292,20251211,1
140292,20260312,1
140292,20260205,1
140292,20260108,1
140292,20260305,1
140292,20260129,1
140292,20260226,1
140292,20260326,1
140292,20260319,1
140292,20250925,1
140292,20251113,1
140292,20250918,1
140292,20251016,1
140292,20251106,1
140292,20251204,1
140292,20250911,1
140292,20251009,1
140292,20260219,1
140292,20260122,1
140292,20251030,1
140292,20251002,1
140292,20251218,1
140292,20251120,1
140292,20260212,1
140292,20260115,1
140292,20251023,1
140292,20251003,2
140292,20250926,2
140292,20250919,2
140292,20250912,2
140292,20251010,2
140292,20251031,1
140292,20251121,1
140292,20251219,1
140292,20260213,1
140292,20260116,1
140292,20251024,1
140292,20251114,1
140292,20251212,1
140292,20260313,1
140292,20260109,1
140292,20260206,1
140292,20260306,1
140292,20260130,1
140292,20260227,1
140292,20260327,1
140292,20260320,1
140292,20251017,1
140292,20251107,1
140292,20260102,1
140292,20251205,1
140292,20251226,1
140292,20251128,1
140292,20260220,1
140292,20260123,1
137689,20260216,2
137689,20260119,2
137689,20250922,1
137689,20251110,1
137689,20251208,1
137689,20250915,1
137689,20251013,1
137689,20251103,1
137689,20251229,1
137689,20251201,1
137689,20260126,1
137689,20251006,1
137689,20251222,1
137689,20251124,1
137689,20251027,1
137689,20250929,1
137689,20251117,1
137689,20251215,1
137689,20260316,1
137689,20260209,1
137689,20260112,1
137689,20251020,1
137689,20260309,1
137689,20260202,1
137689,20260105,1
137689,20260302,1
137689,20260223,1
137689,20260323,1
137689,20260101,2
137689,20251225,2
137689,20251127,2
137689,20251211,1
137689,20260312,1
137689,20260205,1
137689,20260108,1
137689,20260305,1
137689,20260129,1
137689,20260226,1
137689,20260326,1
137689,20260319,1
137689,20250925,1
137689,20251113,1
137689,20250918,1
137689,20251016,1
137689,20251106,1
137689,20251204,1
137689,20251009,1
137689,20260219,1
137689,20260122,1
137689,20251030,1
137689,20251002,1
137689,20251218,1
137689,20251120,1
137689,20260212,1
137689,20260115,1
137689,20251023,1
137519,20260101,2
137519,20251225,2
137519,20251127,2
137519,20251211,1
137519,20260312,1
137519,20260205,1
137519,20260108,1
137519,20260305,1
137519,20260129,1
137519,20260226,1
137519,20260326,1
137519,20260319,1
137519,20250925,1
137519,20251113,1
137519,20250918,1
137519,20251016,1
137519,20251106,1
137519,20251204,1
137519,20251009,1
137519,20260219,1
137519,20260122,1
137519,20251030,1
137519,20251002,1
137519,20251218,1
137519,20251120,1
137519,20260212,1
137519,20260115,1
137519,20251023,1
137519,20251003,2
137519,20250926,2
137519,20250919,2
137519,20251010,2
137519,20251031,1
137519,20251121,1
137519,20251219,1
137519,20260213,1
137519,20260116,1
137519,20251024,1
137519,20251114,1
137519,20251212,1
137519,20260313,1
137519,20260109,1
137519,20260206,1
137519,20260306,1
137519,20260130,1
137519,20260227,1
137519,20260327,1
137519,20260320,1
137519,20251017,1
137519,20251107,1
137519,20260102,1
137519,20251205,1
137519,20251226,1
137519,20251128,1
137519,20260220,1
137519,20260123,1
136004,20260216,2
136004,20260119,2
136004,20250922,1
136004,20251110,1
136004,20251208,1
136004,20250915,1
136004,20251013,1
136004,20251103,1
136004,20251229,1
136004,20251201,1
136004,20260126,1
136004,20251006,1
136004,20251222,1
136004,20251124,1
136004,20251027,1
136004,20250929,1
136004,20251117,1
136004,20251215,1
136004,20260316,1
136004,20260209,1
136004,20260112,1
136004,20251020,1
136004,20260309,1
136004,20260202,1
136004,20260105,1
136004,20260302,1
136004,20260223,1
136004,20260323,1
136004,20260101,2
136004,20251225,2
136004,20251127,2
136004,20251211,1
136004,20260312,1
136004,20260205,1
136004,20260108,1
136004,20260305,1
136004,20260129,1
136004,20260226,1
136004,20260326,1
136004,20260319,1
136004,20250925,1
136004,20251113,1
136004,20250918,1
136004,20251016,1
136004,20251106,1
136004,20251204,1
136004,20251009,1
136004,20260219,1
136004,20260122,1
136004,20251030,1
136004,20251002,1
136004,20251218,1
136004,20251120,1
136004,20260212,1
136004,20260115,1
136004,20251023,1
136004,20251128,2
136004,20251031,1
136004,20251003,1
136004,20251121,1
136004,20251219,1
136004,20260213,1
136004,20260116,1
136004,20250926,1
136004,20251024,1
136004,20251114,1
136004,20251212,1
136004,20260313,1
136004,20260206,1
136004,20260109,1
136004,20260306,1
136004,20260130,1
136004,20260227,1
136004,20260327,1
136004,20260320,1
136004,20250919,1
136004,20251017,1
136004,20251107,1
136004,20260102,1
136004,20251205,1
136004,20251010,1
136004,20251226,1
136004,20260220,1
136004,20260123,1
124222,20251229,2
124222,20251222,2
124222,20260216,2
124222,20260119,2
124222,20250922,1
124222,20251110,1
124222,20251208,1
124222,20250915,1
124222,20251013,1
124222,20251103,1
124222,20251201,1
124222,20260126,1
124222,20250908,1
124222,20251006,1
124222,20251124,1
124222,20251027,1
124222,20250929,1
124222,20251117,1
124222,20251215,1
124222,20260316,1
124222,20260209,1
124222,20260112,1
124222,20251020,1
124222,20260309,1
124222,20260202,1
124222,20260105,1
124222,20260302,1
124222,20260223,1
124222,20260323,1
124222,20251111,2
124222,20251230,2
124222,20251223,2
124222,20260324,1
124222,20250923,1
124222,20250916,1
124222,20251014,1
124222,20251104,1
124222,20251202,1
124222,20260127,1
124222,20250909,1
124222,20251007,1
124222,20251125,1
124222,20260217,1
124222,20260120,1
124222,20250930,1
124222,20251028,1
124222,20251118,1
124222,20251216,1
124222,20260317,1
124222,20260210,1
124222,20260113,1
124222,20251021,1
124222,20251209,1
124222,20260310,1
124222,20260203,1
124222,20260106,1
124222,20260303,1
124222,20260224,1
124222,20251231,2
124222,20251224,2
124222,20260128,1
124222,20260225,1
124222,20260325,1
124222,20250924,1
124222,20251112,1
124222,20250917,1
124222,20251015,1
124222,20251105,1
124222,20251203,1
124222,20250910,1
124222,20251008,1
124222,20251126,1
124222,20260218,1
124222,20260121,1
124222,20251001,1
124222,20251029,1
124222,20251217,1
124222,20251119,1
124222,20260318,1
124222,20260211,1
124222,20260114,1
124222,20251022,1
124222,20251210,1
124222,20260311,1
124222,20260204,1
124222,20260107,1
124222,20260304,1
124222,20260101,2
124222,20251225,2
124222,20251127,2
124222,20260212,2
124222,20251211,1
124222,20260312,1
124222,20260205,1
124222,20260108,1
124222,20260305,1
124222,20260129,1
124222,20260226,1
124222,20260326,1
124222,20260319,1
124222,20250925,1
124222,20251113,1
124222,20250918,1
124222,20251016,1
124222,20251106,1
124222,20251204,1
124222,20250911,1
124222,20251009,1
124222,20260219,1
124222,20260122,1
124222,20251030,1
124222,20251002,1
124222,20251218,1
124222,20251120,1
124222,20260115,1
124222,20251023,1
124222,20260213,2
124222,20260313,2
124222,20251017,2
124222,20260102,2
124222,20251226,2
124222,20251128,2
124222,20251031,1
124222,20251003,1
124222,20251121,1
124222,20251219,1
124222,20260116,1
124222,20250926,1
124222,20251024,1
124222,20251114,1
124222,20251212,1
124222,20260206,1
124222,20260109,1
124222,20260306,1
124222,20260130,1
124222,20260227,1
124222,20260327,1
124222,20260320,1
124222,20250919,1
124222,20251107,1
124222,20251205,1
124222,20250912,1
124222,20251010,1
124222,20260220,1
124222,20260123,1
121403,20260101,2
121403,20251225,2
121403,20251127,2
121403,20251211,1
121403,20260312,1
121403,20260108,1
121403,20260205,1
121403,20260305,1
121403,20260129,1
121403,20260226,1
121403,20260326,1
121403,20260319,1
121403,20251113,1
121403,20251016,1
121403,20251106,1
121403,20251204,1
121403,20260219,1
121403,20260122,1
121403,20251030,1
121403,20251218,1
121403,20251120,1
121403,20260212,1
121403,20260115,1
121403,20251023,1
121079,20251229,2
121079,20251222,2
121079,20260216,2
121079,20260119,2
121079,20250922,1
121079,20251110,1
121079,20251208,1
121079,20250915,1
121079,20251013,1
121079,20251103,1
121079,20251201,1
121079,20260126,1
121079,20250908,1
121079,20251006,1
121079,20251124,1
121079,20251027,1
121079,20250929,1
121079,20251117,1
121079,20251215,1
121079,20260316,1
121079,20260209,1
121079,20260112,1
121079,20251020,1
121079,20260309,1
121079,20260202,1
121079,20260105,1
121079,20260302,1
121079,20260223,1
121079,20260323,1
121079,20251111,2
121079,20251230,2
121079,20251223,2
121079,20260217,2
121079,20260324,1
121079,20250923,1
121079,20250916,1
121079,20251014,1
121079,20251104,1
121079,20251202,1
121079,20260127,1
121079,20250909,1
121079,20251007,1
121079,20251125,1
121079,20260120,1
121079,20250930,1
121079,20251028,1
121079,20251118,1
121079,20251216,1
121079,20260317,1
121079,20260210,1
121079,20260113,1
121079,20251021,1
121079,20251209,1
121079,20260310,1
121079,20260203,1
121079,20260106,1
121079,20260303,1
121079,20260224,1
121079,20251231,2
121079,20251126,2
121079,20251224,2
121079,20260218,2
121079,20260128,1
121079,20260225,1
121079,20260325,1
121079,20250924,1
121079,20251112,1
121079,20250917,1
121079,20251015,1
121079,20251105,1
121079,20251203,1
121079,20250910,1
121079,20251008,1
121079,20260121,1
121079,20251001,1
121079,20251029,1
121079,20251217,1
121079,20251119,1
121079,20260318,1
121079,20260211,1
121079,20260114,1
121079,20251022,1
121079,20251210,1
121079,20260311,1
121079,20260204,1
121079,20260107,1
121079,20260304,1
121079,20260101,2
121079,20251225,2
121079,20251127,2
121079,20260219,2
121079,20251211,1
121079,20260312,1
121079,20260205,1
121079,20260108,1
121079,20260305,1
121079,20260129,1
121079,20260226,1
121079,20260326,1
121079,20260319,1
121079,20250925,1
121079,20251113,1
121079,20250918,1
121079,20251016,1
121079,20251106,1
121079,20251204,1
121079,20250911,1
121079,20251009,1
121079,20260122,1
121079,20251030,1
121079,20251002,1
121079,20251218,1
121079,20251120,1
121079,20260212,1
121079,20260115,1
121079,20251023,1
121079,20260227,2
121079,20260102,2
121079,20251226,2
121079,20251128,2
121079,20260220,2
121079,20251031,1
121079,20251003,1
121079,20251121,1
121079,20251219,1
121079,20260213,1
121079,20260116,1
121079,20250926,1
121079,20251024,1
121079,20251114,1
121079,20251212,1
121079,20260313,1
121079,20260206,1
121079,20260109,1
121079,20260306,1
121079,20260130,1
121079,20260327,1
121079,20260320,1
121079,20250919,1
121079,20251017,1
121079,20251107,1
121079,20251205,1
121079,20250912,1
121079,20251010,1
121079,20260123,1
121006,20251229,2
121006,20251222,2
121006,20260216,2
121006,20260119,2
121006,20250922,1
121006,20251110,1
121006,20251208,1
121006,20250915,1
121006,20251013,1
121006,20251103,1
121006,20251201,1
121006,20260126,1
121006,20251006,1
121006,20251124,1
121006,20251027,1
121006,20250929,1
121006,20251117,1
121006,20251215,1
121006,20260316,1
121006,20260209,1
121006,20260112,1
121006,20251020,1
121006,20260309,1
121006,20260202,1
121006,20260105,1
121006,20260302,1
121006,20260223,1
121006,20260323,1
121006,20251111,2
121006,20251230,2
121006,20251223,2
121006,20260324,1
121006,20250923,1
121006,20250916,1
121006,20251014,1
121006,20251104,1
121006,20251202,1
121006,20260127,1
121006,20251007,1
121006,20251125,1
121006,20260217,1
121006,20260120,1
121006,20250930,1
121006,20251028,1
121006,20251118,1
121006,20251216,1
121006,20260317,1
121006,20260210,1
121006,20260113,1
121006,20251021,1
121006,20251209,1
121006,20260310,1
121006,20260203,1
121006,20260106,1
121006,20260303,1
121006,20260224,1
121006,20251231,2
121006,20251224,2
121006,20260128,1
121006,20260225,1
121006,20260325,1
121006,20250924,1
121006,20251112,1
121006,20250917,1
121006,20251015,1
121006,20251105,1
121006,20251203,1
121006,20251008,1
121006,20251126,1
121006,20260218,1
121006,20260121,1
121006,20251001,1
121006,20251029,1
121006,20251217,1
121006,20251119,1
121006,20260318,1
121006,20260211,1
121006,20260114,1
121006,20251022,1
121006,20251210,1
121006,20260311,1
121006,20260204,1
121006,20260107,1
121006,20260304,1
121006,20260101,2
121006,20251225,2
121006,20251127,2
121006,20260212,2
121006,20251211,1
121006,20260312,1
121006,20260205,1
121006,20260108,1
121006,20260305,1
121006,20260129,1
121006,20260226,1
121006,20260326,1
121006,20260319,1
121006,20250925,1
121006,20251113,1
121006,20250918,1
121006,20251016,1
121006,20251106,1
121006,20251204,1
121006,20251009,1
121006,20260219,1
121006,20260122,1
121006,20251030,1
121006,20251002,1
121006,20251218,1
121006,20251120,1
121006,20260115,1
121006,20251023,1
121006,20260213,2
121006,20260313,2
121006,20251017,2
121006,20260102,2
121006,20251226,2
121006,20251128,2
121006,20251031,1
121006,20251003,1
121006,20251121,1
121006,20251219,1
121006,20260116,1
121006,20250926,1
121006,20251024,1
121006,20251114,1
121006,20251212,1
121006,20260109,1
121006,20260206,1
121006,20260306,1
121006,20260130,1
121006,20260227,1
121006,20260327,1
121006,20260320,1
121006,20250919,1
121006,20251107,1
121006,20251205,1
121006,20251010,1
121006,20260220,1
121006,20260123,1
117980,20251103,2
117980,20251229,2
117980,20251222,2
117980,20251124,2
117980,20260216,2
117980,20260119,2
117980,20250922,1
117980,20251110,1
117980,20251208,1
117980,20250915,1
117980,20251013,1
117980,20251201,1
117980,20260126,1
117980,20250908,1
117980,20251006,1
117980,20251027,1
117980,20250929,1
117980,20251117,1
117980,20251215,1
117980,20260316,1
117980,20260209,1
117980,20260112,1
117980,20251020,1
117980,20260309,1
117980,20260105,1
117980,20260202,1
117980,20260302,1
117980,20260223,1
117980,20260323,1
117980,20251111,2
117980,20251230,2
117980,20251125,2
117980,20251223,2
117980,20260217,2
117980,20260120,2
117980,20260324,1
117980,20250923,1
117980,20250916,1
117980,20251014,1
117980,20251104,1
117980,20251202,1
117980,20260127,1
117980,20250909,1
117980,20251007,1
117980,20250930,1
117980,20251028,1
117980,20251118,1
117980,20251216,1
117980,20260317,1
117980,20260210,1
117980,20260113,1
117980,20251021,1
117980,20251209,1
117980,20260310,1
117980,20260203,1
117980,20260106,1
117980,20260303,1
117980,20260224,1
117980,20251231,2
117980,20251126,2
117980,20251224,2
117980,20260218,2
117980,20260128,1
117980,20260225,1
117980,20260325,1
117980,20250924,1
117980,20251112,1
117980,20250917,1
117980,20251015,1
117980,20251105,1
117980,20251203,1
117980,20250910,1
117980,20251008,1
117980,20260121,1
117980,20251001,1
117980,20251029,1
117980,20251217,1
117980,20251119,1
117980,20260318,1
117980,20260211,1
117980,20260114,1
117980,20251022,1
117980,20251210,1
117980,20260311,1
117980,20260204,1
117980,20260107,1
117980,20260304,1
117980,20260101,2
117980,20251225,2
117980,20251127,2
117980,20260219,2
117980,20251211,1
117980,20260312,1
117980,20260205,1
117980,20260108,1
117980,20260305,1
117980,20260129,1
117980,20260226,1
117980,20260326,1
117980,20260319,1
117980,20250925,1
117980,20251113,1
117980,20250918,1
117980,20251016,1
117980,20251106,1
117980,20251204,1
117980,20250911,1
117980,20251009,1
117980,20260122,1
117980,20251030,1
117980,20251002,1
117980,20251218,1
117980,20251120,1
117980,20260212,1
117980,20260115,1
117980,20251023,1
117980,20260227,2
117980,20260102,2
117980,20251010,2
117980,20251226,2
117980,20251128,2
117980,20260220,2
117980,20251031,1
117980,20251003,1
117980,20251121,1
117980,20251219,1
117980,20260213,1
117980,20260116,1
117980,20250926,1
117980,20251024,1
117980,20251114,1
117980,20251212,1
117980,20260313,1
117980,20260206,1
117980,20260109,1
117980,20260306,1
117980,20260130,1
117980,20260320,1
117980,20250919,1
117980,20251017,1
117980,20251107,1
117980,20251205,1
117980,20250912,1
117980,20260123,1
117863,20251229,2
117863,20251222,2
117863,20260216,2
117863,20260119,2
117863,20250922,1
117863,20251110,1
117863,20251208,1
117863,20250915,1
117863,20251013,1
117863,20251103,1
117863,20251201,1
117863,20260126,1
117863,20251006,1
117863,20251124,1
117863,20251027,1
117863,20250929,1
117863,20251117,1
117863,20251215,1
117863,20260316,1
117863,20260209,1
117863,20260112,1
117863,20251020,1
117863,20260309,1
117863,20260202,1
117863,20260105,1
117863,20260302,1
117863,20260223,1
117863,20260323,1
117863,20251111,2
117863,20251230,2
117863,20251223,2
117863,20260217,2
117863,20260324,1
117863,20250923,1
117863,20250916,1
117863,20251014,1
117863,20251104,1
117863,20251202,1
117863,20260127,1
117863,20251007,1
117863,20251125,1
117863,20260120,1
117863,20250930,1
117863,20251028,1
117863,20251118,1
117863,20251216,1
117863,20260317,1
117863,20260210,1
117863,20260113,1
117863,20251021,1
117863,20251209,1
117863,20260310,1
117863,20260203,1
117863,20260106,1
117863,20260303,1
117863,20260224,1
117863,20251231,2
117863,20251126,2
117863,20251224,2
117863,20260218,2
117863,20260128,1
117863,20260225,1
117863,20260325,1
117863,20250924,1
117863,20251112,1
117863,20250917,1
117863,20251015,1
117863,20251105,1
117863,20251203,1
117863,20251008,1
117863,20260121,1
117863,20251001,1
117863,20251029,1
117863,20251217,1
117863,20251119,1
117863,20260318,1
117863,20260211,1
117863,20260114,1
117863,20251022,1
117863,20251210,1
117863,20260311,1
117863,20260204,1
117863,20260107,1
117863,20260304,1
117863,20260101,2
117863,20251225,2
117863,20251127,2
117863,20260219,2
117863,20251211,1
117863,20260312,1
117863,20260205,1
117863,20260108,1
117863,20260305,1
117863,20260129,1
117863,20260226,1
117863,20260326,1
117863,20260319,1
117863,20250925,1
117863,20251113,1
117863,20250918,1
117863,20251016,1
117863,20251106,1
117863,20251204,1
117863,20251009,1
117863,20260122,1
117863,20251030,1
117863,20251002,1
117863,20251218,1
117863,20251120,1
117863,20260212,1
117863,20260115,1
117863,20251023,1
117863,20260227,2
117863,20260102,2
117863,20251226,2
117863,20251128,2
117863,20260220,2
117863,20251031,1
117863,20251003,1
117863,20251121,1
117863,20251219,1
117863,20260213,1
117863,20260116,1
117863,20250926,1
117863,20251024,1
117863,20251114,1
117863,20251212,1
117863,20260313,1
117863,20260206,1
117863,20260109,1
117863,20260306,1
117863,20260130,1
117863,20260327,1
117863,20260320,1
117863,20250919,1
117863,20251017,1
117863,20251107,1
117863,20251205,1
117863,20251010,1
117863,20260123,1
114764,20251103,2
114764,20251229,2
114764,20251222,2
114764,20251124,2
114764,20260216,2
114764,20260119,2
114764,20250922,1
114764,20251110,1
114764,20251208,1
114764,20250915,1
114764,20251013,1
114764,20251201,1
114764,20260126,1
114764,20251006,1
114764,20251027,1
114764,20250929,1
114764,20251117,1
114764,20251215,1
114764,20260316,1
114764,20260112,1
114764,20260209,1
114764,20251020,1
114764,20260309,1
114764,20260105,1
114764,20260202,1
114764,20260302,1
114764,20260223,1
114764,20260323,1
114764,20251111,2
114764,20251230,2
114764,20251125,2
114764,20251223,2
114764,20260217,2
114764,20260120,2
114764,20260324,1
114764,20250923,1
114764,20250916,1
114764,20251014,1
114764,20251104,1
114764,20251202,1
114764,20260127,1
114764,20251007,1
114764,20250930,1
114764,20251028,1
114764,20251118,1
114764,20251216,1
114764,20260317,1
114764,20260113,1
114764,20260210,1
114764,20251021,1
114764,20251209,1
114764,20260310,1
114764,20260203,1
114764,20260106,1
114764,20260303,1
114764,20260224,1
114764,20251231,2
114764,20251126,2
114764,20251224,2
114764,20260218,2
114764,20260128,1
114764,20260225,1
114764,20260325,1
114764,20250924,1
114764,20251112,1
114764,20250917,1
114764,20251015,1
114764,20251105,1
114764,20251203,1
114764,20251008,1
114764,20260121,1
114764,20251001,1
114764,20251029,1
114764,20251217,1
114764,20251119,1
114764,20260318,1
114764,20260211,1
114764,20260114,1
114764,20251022,1
114764,20251210,1
114764,20260311,1
114764,20260204,1
114764,20260107,1
114764,20260304,1
114764,20260101,2
114764,20251225,2
114764,20251127,2
114764,20260219,2
114764,20251211,1
114764,20260312,1
114764,20260205,1
114764,20260108,1
114764,20260305,1
114764,20260129,1
114764,20260226,1
114764,20260326,1
114764,20260319,1
114764,20250925,1
114764,20251113,1
114764,20250918,1
114764,20251016,1
114764,20251106,1
114764,20251204,1
114764,20251009,1
114764,20260122,1
114764,20251030,1
114764,20251002,1
114764,20251218,1
114764,20251120,1
114764,20260212,1
114764,20260115,1
114764,20251023,1
114764,20260227,2
114764,20260102,2
114764,20251010,2
114764,20251226,2
114764,20251128,2
114764,20260220,2
114764,20251031,1
114764,20251003,1
114764,20251121,1
114764,20251219,1
114764,20260213,1
114764,20260116,1
114764,20250926,1
114764,20251024,1
114764,20251114,1
114764,20251212,1
114764,20260313,1
114764,20260109,1
114764,20260206,1
114764,20260306,1
114764,20260130,1
114764,20260320,1
114764,20250919,1
114764,20251017,1
114764,20251107,1
114764,20251205,1
114764,20260123,1
102470,20251229,2
102470,20251222,2
102470,20260216,2
102470,20260119,2
102470,20250922,1
102470,20251110,1
102470,20251208,1
102470,20250915,1
102470,20251013,1
102470,20251103,1
102470,20251201,1
102470,20260126,1
102470,20250908,1
102470,20251006,1
102470,20251124,1
102470,20251027,1
102470,20250929,1
102470,20251117,1
102470,20251215,1
102470,20260316,1
102470,20260209,1
102470,20260112,1
102470,20251020,1
102470,20260309,1
102470,20260202,1
102470,20260105,1
102470,20260302,1
102470,20260223,1
102470,20260323,1
102470,20251111,2
102470,20251230,2
102470,20251223,2
102470,20260324,1
102470,20250923,1
102470,20250916,1
102470,20251014,1
102470,20251104,1
102470,20251202,1
102470,20260127,1
102470,20250909,1
102470,20251007,1
102470,20251125,1
102470,20260217,1
102470,20260120,1
102470,20250930,1
102470,20251028,1
102470,20251118,1
102470,20251216,1
102470,20260317,1
102470,20260210,1
102470,20260113,1
102470,20251021,1
102470,20251209,1
102470,20260310,1
102470,20260203,1
102470,20260106,1
102470,20260303,1
102470,20260224,1
102470,20260101,2
102470,20251225,2
102470,20251127,2
102470,20260212,2
102470,20251211,1
102470,20260312,1
102470,20260205,1
102470,20260108,1
102470,20260305,1
102470,20260129,1
102470,20260226,1
102470,20260326,1
102470,20260319,1
102470,20250925,1
102470,20251113,1
102470,20250918,1
102470,20251016,1
102470,20251106,1
102470,20251204,1
102470,20250911,1
102470,20251009,1
102470,20260219,1
102470,20260122,1
102470,20251030,1
102470,20251002,1
102470,20251218,1
102470,20251120,1
102470,20260115,1
102470,20251023,1
102470,20260213,2
102470,20260313,2
102470,20251017,2
102470,20260102,2
102470,20251226,2
102470,20251128,2
102470,20251031,1
102470,20251003,1
102470,20251121,1
102470,20251219,1
102470,20260116,1
102470,20250926,1
102470,20251024,1
102470,20251114,1
102470,20251212,1
102470,20260206,1
102470,20260109,1
102470,20260306,1
102470,20260130,1
102470,20260227,1
102470,20260327,1
102470,20260320,1
102470,20250919,1
102470,20251107,1
102470,20251205,1
102470,20250912,1
102470,20251010,1
102470,20260220,1
102470,20260123,1
101686,20251229,2
101686,20251222,2
101686,20260216,2
101686,20260119,2
101686,20250922,1
101686,20251110,1
101686,20251208,1
101686,20250915,1
101686,20251013,1
101686,20251103,1
101686,20251201,1
101686,20260126,1
101686,20250908,1
101686,20251006,1
101686,20251124,1
101686,20251027,1
101686,20250929,1
101686,20251117,1
101686,20251215,1
101686,20260316,1
101686,20260209,1
101686,20260112,1
101686,20251020,1
101686,20260309,1
101686,20260202,1
101686,20260105,1
101686,20260302,1
101686,20260223,1
101686,20260323,1
101686,20251111,2
101686,20251230,2
101686,20251223,2
101686,20260217,2
101686,20260324,1
101686,20250923,1
101686,20250916,1
101686,20251014,1
101686,20251104,1
101686,20251202,1
101686,20260127,1
101686,20250909,1
101686,20251007,1
101686,20251125,1
101686,20260120,1
101686,20250930,1
101686,20251028,1
101686,20251118,1
101686,20251216,1
101686,20260317,1
101686,20260210,1
101686,20260113,1
101686,20251021,1
101686,20251209,1
101686,20260310,1
101686,20260203,1
101686,20260106,1
101686,20260303,1
101686,20260224,1
101686,20260101,2
101686,20251225,2
101686,20251127,2
101686,20260219,2
101686,20251211,1
101686,20260312,1
101686,20260205,1
101686,20260108,1
101686,20260305,1
101686,20260129,1
101686,20260226,1
101686,20260326,1
101686,20260319,1
101686,20250925,1
101686,20251113,1
101686,20250918,1
101686,20251016,1
101686,20251106,1
101686,20251204,1
101686,20250911,1
101686,20251009,1
101686,20260122,1
101686,20251030,1
101686,20251002,1
101686,20251218,1
101686,20251120,1
101686,20260212,1
101686,20260115,1
101686,20251023,1
101686,20251219,2
101686,20260102,2
101686,20251010,2
101686,20251226,2
101686,20251128,2
101686,20260220,2
101686,20251031,1
101686,20251003,1
101686,20251121,1
101686,20260213,1
101686,20260116,1
101686,20250926,1
101686,20251024,1
101686,20251114,1
101686,20251212,1
101686,20260313,1
101686,20260109,1
101686,20260206,1
101686,20260306,1
101686,20260130,1
101686,20260227,1
101686,20260327,1
101686,20260320,1
101686,20250919,1
101686,20251017,1
101686,20251107,1
101686,20251205,1
101686,20250912,1
101686,20260123,1
99452,20251229,2
99452,20251222,2
99452,20260216,2
99452,20260119,2
99452,20250922,1
99452,20251110,1
99452,20251208,1
99452,20250915,1
99452,20251013,1
99452,20251103,1
99452,20251201,1
99452,20260126,1
99452,20251006,1
99452,20251124,1
99452,20251027,1
99452,20250929,1
99452,20251117,1
99452,20251215,1
99452,20260316,1
99452,20260209,1
99452,20260112,1
99452,20251020,1
99452,20260309,1
99452,20260202,1
99452,20260105,1
99452,20260302,1
99452,20260223,1
99452,20260323,1
99452,20251111,2
99452,20251230,2
99452,20251223,2
99452,20260324,1
99452,20250923,1
99452,20250916,1
99452,20251014,1
99452,20251104,1
99452,20251202,1
99452,20260127,1
99452,20251007,1
99452,20251125,1
99452,20260217,1
99452,20260120,1
99452,20250930,1
99452,20251028,1
99452,20251118,1
99452,20251216,1
99452,20260317,1
99452,20260210,1
99452,20260113,1
99452,20251021,1
99452,20251209,1
99452,20260310,1
99452,20260203,1
99452,20260106,1
99452,20260303,1
99452,20260224,1
99452,20260101,2
99452,20251225,2
99452,20251127,2
99452,20260212,2
99452,20251211,1
99452,20260312,1
99452,20260205,1
99452,20260108,1
99452,20260305,1
99452,20260129,1
99452,20260226,1
99452,20260326,1
99452,20260319,1
99452,20250925,1
99452,20251113,1
99452,20250918,1
99452,20251016,1
99452,20251106,1
99452,20251204,1
99452,20251009,1
99452,20260219,1
99452,20260122,1
99452,20251030,1
99452,20251002,1
99452,20251218,1
99452,20251120,1
99452,20260115,1
99452,20251023,1
99452,20260213,2
99452,20260313,2
99452,20251017,2
99452,20260102,2
99452,20251226,2
99452,20251128,2
99452,20251031,1
99452,20251003,1
99452,20251121,1
99452,20251219,1
99452,20260116,1
99452,20250926,1
99452,20251024,1
99452,20251114,1
99452,20251212,1
99452,20260109,1
99452,20260206,1
99452,20260306,1
99452,20260130,1
99452,20260227,1
99452,20260327,1
99452,20260320,1
99452,20250919,1
99452,20251107,1
99452,20251205,1
99452,20251010,1
99452,20260220,1
99452,20260123,1
98668,20251229,2
98668,20251222,2
98668,20260216,2
98668,20260119,2
98668,20250922,1
98668,20251110,1
98668,20251208,1
98668,20250915,1
98668,20251013,1
98668,20251103,1
98668,20251201,1
98668,20260126,1
98668,20251006,1
98668,20251124,1
98668,20251027,1
98668,20250929,1
98668,20251117,1
98668,20251215,1
98668,20260316,1
98668,20260209,1
98668,20260112,1
98668,20251020,1
98668,20260309,1
98668,20260202,1
98668,20260105,1
98668,20260302,1
98668,20260223,1
98668,20260323,1
98668,20251111,2
98668,20251230,2
98668,20251223,2
98668,20260217,2
98668,20260324,1
98668,20250923,1
98668,20250916,1
98668,20251014,1
98668,20251104,1
98668,20251202,1
98668,20260127,1
98668,20251007,1
98668,20251125,1
98668,20260120,1
98668,20250930,1
98668,20251028,1
98668,20251118,1
98668,20251216,1
98668,20260317,1
98668,20260210,1
98668,20260113,1
98668,20251021,1
98668,20251209,1
98668,20260310,1
98668,20260203,1
98668,20260106,1
98668,20260303,1
98668,20260224,1
98668,20260101,2
98668,20251225,2
98668,20251127,2
98668,20260219,2
98668,20251211,1
98668,20260312,1
98668,20260205,1
98668,20260108,1
98668,20260305,1
98668,20260129,1
98668,20260226,1
98668,20260326,1
98668,20260319,1
98668,20250925,1
98668,20251113,1
98668,20250918,1
98668,20251016,1
98668,20251106,1
98668,20251204,1
98668,20251009,1
98668,20260122,1
98668,20251030,1
98668,20251002,1
98668,20251218,1
98668,20251120,1
98668,20260212,1
98668,20260115,1
98668,20251023,1
98668,20251219,2
98668,20260102,2
98668,20251010,2
98668,20251226,2
98668,20251128,2
98668,20260220,2
98668,20251031,1
98668,20251003,1
98668,20251121,1
98668,20260116,1
98668,20260213,1
98668,20250926,1
98668,20251024,1
98668,20251114,1
98668,20251212,1
98668,20260313,1
98668,20260109,1
98668,20260206,1
98668,20260306,1
98668,20260130,1
98668,20260227,1
98668,20260327,1
98668,20260320,1
98668,20250919,1
98668,20251017,1
98668,20251107,1
98668,20251205,1
98668,20260123,1
41661,20250922,2
41661,20251110,2
41661,20251208,2
41661,20251013,2
41661,20251103,2
41661,20251201,2
41661,20260126,2
41661,20251006,2
41661,20251124,2
41661,20251027,2
41661,20250929,2
41661,20251117,2
41661,20251215,2
41661,20260316,2
41661,20260209,2
41661,20260112,2
41661,20251020,2
41661,20260309,2
41661,20260202,2
41661,20260105,2
41661,20260302,2
41661,20260223,2
41661,20260323,2
41661,20260216,1
41661,20251229,1
41661,20251222,1
41661,20260119,1
41661,20260324,2
41661,20250923,2
41661,20251014,2
41661,20251104,2
41661,20251202,2
41661,20260127,2
41661,20251007,2
41661,20251125,2
41661,20260217,2
41661,20260120,2
41661,20250930,2
41661,20251028,2
41661,20251118,2
41661,20251216,2
41661,20260317,2
41661,20260210,2
41661,20260113,2
41661,20251021,2
41661,20251209,2
41661,20260310,2
41661,20260203,2
41661,20260106,2
41661,20260303,2
41661,20260224,2
41661,20251223,1
41661,20251230,1
41661,20251111,1
41661,20251211,2
41661,20260312,2
41661,20260205,2
41661,20260108,2
41661,20260305,2
41661,20260129,2
41661,20260226,2
41661,20260319,2
41661,20250925,2
41661,20251113,2
41661,20250918,2
41661,20251016,2
41661,20251106,2
41661,20251204,2
41661,20260101,2
41661,20251009,2
41661,20251225,2
41661,20251127,2
41661,20260219,2
41661,20260122,2
41661,20251030,2
41661,20251002,2
41661,20251218,2
41661,20251120,2
41661,20260115,2
41661,20251023,2
41661,20260212,1
41661,20251031,2
41661,20251003,2
41661,20251121,2
41661,20251219,2
41661,20260116,2
41661,20250926,2
41661,20251024,2
41661,20251114,2
41661,20251212,2
41661,20260206,2
41661,20260109,2
41661,20260306,2
41661,20260130,2
41661,20260227,2
41661,20260320,2
41661,20250919,2
41661,20251107,2
41661,20251205,2
41661,20251010,2
41661,20260220,2
41661,20260123,2
41661,20251128,1
41661,20260102,1
41661,20260313,1
41661,20260213,1
41661,20251226,1
41661,20251017,1
36966,20250922,2
36966,20251110,2
36966,20251208,2
36966,20250915,2
36966,20251013,2
36966,20251103,2
36966,20251229,2
36966,20251201,2
36966,20260126,2
36966,20251006,2
36966,20251222,2
36966,20251124,2
36966,20251027,2
36966,20250929,2
36966,20251117,2
36966,20251215,2
36966,20260316,2
36966,20260209,2
36966,20260112,2
36966,20251020,2
36966,20260309,2
36966,20260202,2
36966,20260105,2
36966,20260302,2
36966,20260223,2
36966,20260216,1
36966,20260119,1
36966,20251031,2
36966,20251003,2
36966,20251121,2
36966,20251219,2
36966,20260213,2
36966,20260116,2
36966,20250926,2
36966,20251024,2
36966,20251114,2
36966,20251212,2
36966,20260313,2
36966,20260206,2
36966,20260109,2
36966,20260306,2
36966,20260130,2
36966,20260227,2
36966,20260320,2
36966,20250919,2
36966,20251017,2
36966,20251107,2
36966,20260102,2
36966,20251205,2
36966,20251010,2
36966,20251226,2
36966,20260220,2
36966,20260123,2
36966,20251128,1
35998,20250922,2
35998,20251110,2
35998,20251208,2
35998,20250915,2
35998,20251013,2
35998,20251103,2
35998,20251229,2
35998,20251201,2
35998,20260126,2
35998,20251006,2
35998,20251222,2
35998,20251124,2
35998,20251027,2
35998,20250929,2
35998,20251117,2
35998,20251215,2
35998,20260316,2
35998,20260209,2
35998,20260112,2
35998,20251020,2
35998,20260309,2
35998,20260202,2
35998,20260105,2
35998,20260302,2
35998,20260223,2
35998,20260216,1
35998,20260119,1
35998,20251211,2
35998,20260312,2
35998,20260205,2
35998,20260108,2
35998,20260305,2
35998,20260129,2
35998,20260226,2
35998,20260319,2
35998,20250925,2
35998,20251113,2
35998,20250918,2
35998,20251016,2
35998,20251106,2
35998,20251204,2
35998,20251009,2
35998,20260219,2
35998,20260122,2
35998,20251030,2
35998,20251002,2
35998,20251218,2
35998,20251120,2
35998,20260212,2
35998,20260115,2
35998,20251023,2
35998,20251225,1
35998,20251127,1
35998,20260101,1
33468,20250922,2
33468,20251110,2
33468,20251208,2
33468,20250915,2
33468,20251013,2
33468,20251103,2
33468,20251229,2
33468,20251201,2
33468,20260126,2
33468,20251006,2
33468,20251222,2
33468,20251124,2
33468,20251027,2
33468,20250929,2
33468,20251117,2
33468,20251215,2
33468,20260316,2
33468,20260209,2
33468,20260112,2
33468,20251020,2
33468,20260309,2
33468,20260202,2
33468,20260105,2
33468,20260302,2
33468,20260223,2
33468,20260216,1
33468,20260119,1
33468,20251211,2
33468,20260312,2
33468,20260205,2
33468,20260108,2
33468,20260305,2
33468,20260129,2
33468,20260226,2
33468,20260319,2
33468,20250925,2
33468,20251113,2
33468,20250918,2
33468,20251016,2
33468,20251106,2
33468,20251204,2
33468,20251009,2
33468,20251225,2
33468,20251127,2
33468,20260219,2
33468,20260122,2
33468,20251030,2
33468,20251002,2
33468,20251218,2
33468,20251120,2
33468,20260212,2
33468,20260115,2
33468,20251023,2
33468,20260101,1
32574,20251211,2
32574,20260312,2
32574,20260205,2
32574,20260108,2
32574,20260305,2
32574,20260129,2
32574,20260226,2
32574,20260319,2
32574,20250925,2
32574,20251113,2
32574,20250918,2
32574,20251016,2
32574,20251106,2
32574,20251204,2
32574,20251009,2
32574,20260219,2
32574,20260122,2
32574,20251030,2
32574,20251002,2
32574,20251218,2
32574,20251120,2
32574,20260212,2
32574,20260115,2
32574,20251023,2
32574,20251225,1
32574,20251127,1
32574,20260101,1
26349,20251110,2
26349,20251208,2
26349,20251013,2
26349,20251201,2
26349,20260126,2
26349,20251027,2
26349,20251117,2
26349,20251215,2
26349,20260316,2
26349,20260209,2
26349,20260112,2
26349,20251020,2
26349,20260309,2
26349,20260105,2
26349,20260202,2
26349,20260302,2
26349,20260223,2
26349,20260323,2
26349,20251124,1
26349,20260216,1
26349,20251229,1
26349,20251222,1
26349,20251103,1
26349,20260119,1
26349,20260324,2
26349,20251014,2
26349,20251104,2
26349,20251202,2
26349,20260127,2
26349,20251028,2
26349,20251118,2
26349,20251216,2
26349,20260317,2
26349,20260210,2
26349,20260113,2
26349,20251021,2
26349,20251209,2
26349,20260310,2
26349,20260203,2
26349,20260106,2
26349,20260303,2
26349,20260224,2
26349,20251223,1
26349,20260120,1
26349,20251125,1
26349,20260217,1
26349,20251230,1
26349,20251111,1
26349,20260128,2
26349,20260225,2
26349,20260325,2
26349,20251112,2
26349,20251015,2
26349,20251105,2
26349,20251203,2
26349,20260121,2
26349,20251029,2
26349,20251217,2
26349,20251119,2
26349,20260318,2
26349,20260211,2
26349,20260114,2
26349,20251022,2
26349,20251210,2
26349,20260311,2
26349,20260204,2
26349,20260107,2
26349,20260304,2
26349,20251126,1
26349,20260218,1
26349,20251231,1
26349,20251224,1
26349,20251211,2
26349,20260312,2
26349,20260108,2
26349,20260205,2
26349,20260305,2
26349,20260129,2
26349,20260226,2
26349,20260326,2
26349,20260319,2
26349,20251113,2
26349,20251016,2
26349,20251106,2
26349,20251204,2
26349,20260101,2
26349,20251225,2
26349,20251127,2
26349,20260122,2
26349,20251030,2
26349,20251218,2
26349,20251120,2
26349,20260212,2
26349,20260115,2
26349,20251023,2
26349,20260219,1
26349,20251031,2
26349,20251121,2
26349,20251219,2
26349,20260213,2
26349,20260116,2
26349,20251024,2
26349,20251114,2
26349,20251212,2
26349,20260313,2
26349,20260206,2
26349,20260109,2
26349,20260306,2
26349,20260130,2
26349,20260320,2
26349,20251017,2
26349,20251107,2
26349,20251205,2
26349,20260123,2
26349,20251128,1
26349,20260327,1
26349,20260227,1
26349,20260220,1
26349,20260102,1
26349,20251226,1
26349,20251010,1
23250,20260223,2
23250,20251215,2
23250,20260209,2
23250,20251201,2
23250,20260126,2
23250,20260202,2
23250,20251124,2
23250,20251117,2
23250,20260112,2
23250,20260105,2
23250,20251208,2
23250,20260216,1
23250,20251229,1
23250,20251222,1
23250,20260119,1
23250,20260106,2
23250,20260224,2
23250,20251216,2
23250,20260210,2
23250,20251202,2
23250,20251209,2
23250,20260127,2
23250,20260203,2
23250,20251125,2
23250,20260120,2
23250,20251118,2
23250,20260113,2
23250,20251223,1
23250,20260217,1
23250,20251230,1
23250,20251111,1
23250,20251119,2
23250,20260114,2
23250,20260107,2
23250,20260225,2
23250,20251217,2
23250,20260211,2
23250,20251203,2
23250,20251210,2
23250,20260204,2
23250,20260121,2
23250,20251112,2
23250,20260128,2
23250,20251126,1
23250,20260218,1
23250,20251231,1
23250,20251224,1
23250,20260205,2
23250,20251127,2
23250,20260122,2
23250,20251113,2
23250,20260129,2
23250,20251120,2
23250,20260115,2
23250,20260101,2
23250,20260108,2
23250,20251225,2
23250,20260226,2
23250,20251218,2
23250,20260212,2
23250,20251204,2
23250,20251211,2
23250,20260219,1
23250,20251219,2
23250,20260213,2
23250,20251205,2
23250,20251212,2
23250,20260206,2
23250,20260123,2
23250,20260130,2
23250,20251121,2
23250,20260116,2
23250,20251114,2
23250,20260109,2
23250,20251128,1
23250,20260227,1
23250,20260220,1
23250,20260102,1
23250,20251226,1
21945,20251231,2
21945,20251224,2
21945,20260218,2
21945,20260128,1
21945,20260225,1
21945,20260325,1
21945,20250924,1
21945,20251112,1
21945,20250917,1
21945,20251015,1
21945,20251105,1
21945,20251203,1
21945,20250910,1
21945,20251008,1
21945,20251126,1
21945,20260121,1
21945,20251001,1
21945,20251029,1
21945,20251217,1
21945,20251119,1
21945,20260318,1
21945,20260211,1
21945,20260114,1
21945,20251022,1
21945,20251210,1
21945,20260311,1
21945,20260204,1
21945,20260107,1
21945,20260304,1
21945,20251031,2
21945,20251003,2
21945,20251121,2
21945,20260213,2
21945,20260116,2
21945,20250926,2
21945,20251024,2
21945,20251114,2
21945,20251212,2
21945,20260313,2
21945,20260206,2
21945,20260109,2
21945,20260306,2
21945,20260130,2
21945,20260227,2
21945,20260320,2
21945,20250919,2
21945,20251017,2
21945,20251107,2
21945,20260102,2
21945,20251205,2
21945,20250912,2
21945,20251010,2
21945,20251226,2
21945,20251128,2
21945,20260220,2
21945,20260123,2
21945,20251219,1
21747,20251231,2
21747,20251224,2
21747,20260218,2
21747,20260128,1
21747,20260225,1
21747,20260325,1
21747,20250924,1
21747,20251112,1
21747,20250917,1
21747,20251015,1
21747,20251105,1
21747,20251203,1
21747,20251008,1
21747,20251126,1
21747,20260121,1
21747,20251001,1
21747,20251029,1
21747,20251217,1
21747,20251119,1
21747,20260318,1
21747,20260211,1
21747,20260114,1
21747,20251022,1
21747,20251210,1
21747,20260311,1
21747,20260204,1
21747,20260107,1
21747,20260304,1
21747,20251031,2
21747,20251003,2
21747,20251121,2
21747,20260213,2
21747,20260116,2
21747,20250926,2
21747,20251024,2
21747,20251114,2
21747,20251212,2
21747,20260313,2
21747,20260206,2
21747,20260109,2
21747,20260306,2
21747,20260130,2
21747,20260227,2
21747,20260320,2
21747,20250919,2
21747,20251017,2
21747,20251107,2
21747,20260102,2
21747,20251205,2
21747,20251010,2
21747,20251226,2
21747,20251128,2
21747,20260220,2
21747,20260123,2
21747,20251219,1
20107,20251110,2
20107,20251208,2
20107,20251103,2
20107,20251201,2
20107,20260126,2
20107,20251124,2
20107,20251027,2
20107,20251117,2
20107,20251215,2
20107,20260112,2
20107,20260209,2
20107,20251020,2
20107,20260309,2
20107,20260105,2
20107,20260202,2
20107,20260302,2
20107,20260223,2
20107,20260216,1
20107,20251229,1
20107,20251222,1
20107,20260119,1
20107,20251104,2
20107,20251202,2
20107,20260127,2
20107,20251125,2
20107,20260217,2
20107,20260120,2
20107,20251028,2
20107,20251118,2
20107,20251216,2
20107,20260113,2
20107,20260210,2
20107,20251021,2
20107,20251209,2
20107,20260310,2
20107,20260203,2
20107,20260106,2
20107,20260303,2
20107,20260224,2
20107,20251223,1
20107,20251230,1
20107,20251111,1
20107,20260128,2
20107,20260225,2
20107,20251112,2
20107,20251105,2
20107,20251203,2
20107,20251126,2
20107,20260218,2
20107,20260121,2
20107,20251029,2
20107,20251217,2
20107,20251119,2
20107,20260211,2
20107,20260114,2
20107,20251022,2
20107,20251210,2
20107,20260311,2
20107,20260204,2
20107,20260107,2
20107,20260304,2
20107,20251231,1
20107,20251224,1
20107,20251211,2
20107,20260312,2
20107,20260108,2
20107,20260205,2
20107,20260305,2
20107,20260129,2
20107,20260226,2
20107,20251113,2
20107,20251106,2
20107,20251204,2
20107,20260101,2
20107,20251225,2
20107,20251127,2
20107,20260219,2
20107,20260122,2
20107,20251030,2
20107,20251218,2
20107,20251120,2
20107,20260115,2
20107,20251023,2
20107,20260212,1
20107,20251031,2
20107,20251121,2
20107,20251219,2
20107,20260116,2
20107,20251024,2
20107,20251114,2
20107,20251212,2
20107,20260109,2
20107,20260206,2
20107,20260306,2
20107,20260130,2
20107,20260227,2
20107,20251107,2
20107,20251205,2
20107,20260220,2
20107,20260123,2
20107,20251128,1
20107,20260102,1
20107,20260313,1
20107,20260213,1
20107,20251226,1
20107,20251017,1
20009,20251231,2
20009,20251126,2
20009,20251224,2
20009,20260128,1
20009,20260225,1
20009,20260325,1
20009,20250924,1
20009,20251112,1
20009,20250917,1
20009,20251015,1
20009,20251105,1
20009,20251203,1
20009,20251008,1
20009,20260218,1
20009,20260121,1
20009,20251001,1
20009,20251029,1
20009,20251217,1
20009,20251119,1
20009,20260318,1
20009,20260211,1
20009,20260114,1
20009,20251022,1
20009,20251210,1
20009,20260311,1
20009,20260204,1
20009,20260107,1
20009,20260304,1
3579,20251218,2
3579,20251211,2
3579,20251204,2
3579,20251225,1
3579,20251127,1
3579,20260101,1
